0
0
0
0
0
0
0
0
0
0
0
0
0
0
0
0
0
0
0
0
0
0
0
0
0
0
0
0
0
0
0
0
0
0
0
0
0
0
0
0
0
0
0
0
0
0
0
0
0
0
0
0
0
0
0
0
0
0
0
0
0
0
0
0
0
0
0
0
0
0
0
0
0
0
0
0
0
0
0
0
0
0
0
0
0
0
0
0
0
0
0
0
0
0
0
0
0
0
0
0
0
0
0
0
0
0
0
0
0
0
0
0
0
0
0
0
0
0
0
0
0
0
0
0
0
0
0
0
0
0
0
0
0
0
0
0
0
0
0
0
0
0
0
0
0
0
0
0
0
0
0
0
0
0
0
0
0
0
0
0
0
0
0
0
0
0
0
0
0
0
0
0
0
0
0
0
0
0
0
0
0
0
0
0
0
0
0
0
0
0
0
0
0
0
0
0
0
0
0
0
0
0
0
0
0
0
0
0
0
0
0
0
0
0
0
0
0
0
0
0
0
0
0
0
0
0
0
0
0
0
0
0
0
0
0
0
0
0
0
0
0
0
0
0
0
0
0
0
0
0
0
0
0
0
0
0
0
0
0
0
0
0
0
0
0
0
0
0
0
0
0
0
0
0
0
0
0
0
0
0
0
0
0
0
0
0
0
0
0
0
0
0
0
0
0
0
0
0
0
0
0
0
0
0
0
0
0
0
0
0
0
0
0
0
0
0
0
0
0
0
0
0
0
0
0
0
0
0
0
0
0
0
0
0
0
0
0
0
0
0
0
0
0
0
0
0
0
0
0
0
0
0
0
0
0
0
0
0
0
0
0
0
0
0
0
0
0
0
0
0
0
0
0
0
0
0
0
0
0
0
0
0
0
0
0
0
0
0
0
0
0
0
0
0
0
0
0
0
0
0
0
0
0
0
0
0
0
0
0
0
0
0
0
0
0
0
0
0
0
0
0
0
0
0
0
0
0
0
0
0
0
0
0
0
0
0
0
0
0
0
0
0
0
0
0
0
0
0
0
0
0
0
0
0
0
0
0
0
0
0
0
0
0
0
0
0
0
0
0
0
0
0
0
0
0
0
0
0
0
0
0
0
0
0
0
0
0
0
0
0
0
0
0
0
0
0
0
0
0
0
0
0
0
0
0
0
0
0
0
0
0
0
0
0
0
0
0
0
0
0
0
0
0
0
0
0
0
0
0
0
0
0
0
0
0
0
0
0
0
0
0
0
0
0
0
0
0
0
0
0
0
0
0
0
0
0
0
0
0
0
0
0
0
0
0
0
0
0
0
0
0
0
0
0
0
0
0
0
0
0
0
0
0
0
0
0
0
0
0
0
0
0
0
0
0
0
0
0
0
0
0
0
0
0
0
0
0
0
0
0
0
0
0
0
0
0
0
0
0
0
0
0
0
0
0
0
0
0
0
0
0
0
0
0
0
0
0
0
0
0
0
0
0
0
0
0
0
0
0
0
0
0
0
0
0
0
0
0
0
0
0
0
0
0
0
0
0
0
0
0
0
0
0
0
0
0
0
0
0
0
0
0
0
0
0
0
0
0
0
0
0
0
0
0
0
0
0
0
0
0
0
0
0
0
0
0
0
0
0
0
0
0
0
0
0
0
0
0
0
0
0
0
0
0
0
0
0
0
0
0
0
0
0
0
0
0
0
0
0
0
0
0
0
0
0
0
0
0
0
0
0
0
0
0
0
0
0
0
0
0
0
0
0
0
0
0
0
0
0
0
0
0
0
0
0
0
0
0
0
0
0
0
0
0
0
0
0
0
0
0
0
0
0
0
0
0
0
0
0
0
0
0
0
0
0
0
0
0
0
0
0
0
0
0
0
0
0
0
0
0
0
0
0
0
0
0
0
0
0
0
0
0
0
0
0
0
0
0
0
0
0
0
0
0
0
0
0
0
0
0
0
0
0
0
0
0
0
0
0
0
0
0
0
0
0
0
0
0
0
0
0
0
0
0
0
0
0
0
0
0
0
0
0
0
0
0
0
0
0
0
0
0
0
0
0
0
0
0
0
0
0
0
0
0
0
0
0
0
0
0
0
0
0
0
0
0
0
0
0
0
0
0
0
0
0
0
0
0
0
0
0
0
0
0
0
0
0
0
0
0
0
0
0
0
0
0
0
0
0
0
0
0
0
0
0
0
0
0
0
0
0
0
0
0
0
0
0
0
0
0
0
0
0
0
0
0
0
0
0
0
0
0
0
0
0
0
0
0
0
0
0
0
0
0
0
0
0
0
0
0
0
0
0
0
0
0
0
0
0
0
0
0
0
0
0
0
0
0
0
0
0
0
0
0
0
0
0
0
0
0
0
0
0
0
0
0
0
0
0
0
0
0
0
0
0
0
0
0
0
0
0
0
0
0
0
0
0
0
0
0
0
0
0
0
0
0
0
0
0
0
0
0
0
0
0
0
0
0
0
0
0
0
0
0
0
0
0
0
0
0
0
0
0
0
0
0
0
0
0
0
0
0
0
0
0
0
0
0
0
0
0
0
0
0
0
0
0
0
0
0
0
0
0
0
0
0
0
0
0
0
0
0
0
0
0
0
0
0
0
0
0
0
0
0
0
0
0
0
0
0
0
0
0
0
0
0
0
0
0
0
0
0
0
0
0
0
0
0
0
0
0
0
0
0
0
0
0
0
0
0
0
0
0
0
0
0
0
0
0
0
0
0
0
0
0
0
0
0
0
0
0
0
0
0
0
0
0
0
0
0
0
0
0
0
0
0
0
0
0
0
0
0
0
0
0
0
0
0
0
0
0
0
0
0
0
0
0
0
0
0
0
0
0
0
0
0
0
0
0
0
0
0
0
0
0
0
0
0
0
0
0
0
0
0
0
0
0
0
0
0
0
0
0
0
0
0
0
0
0
0
0
0
0
0
0
0
0
0
0
0
0
0
0
0
0
0
0
0
0
0
0
0
0
0
0
0
0
0
0
0
0
0
0
0
0
0
0
0
0
0
0
0
0
0
0
0
0
0
0
0
0
0
0
0
0
0
0
0
0
0
0
0
0
0
0
0
0
0
0
0
0
0
0
0
0
0
0
0
0
0
0
0
0
0
0
0
0
0
0
0
0
0
0
0
0
0
0
0
0
0
0
0
0
0
0
0
0
0
0
0
0
0
0
0
0
0
0
0
0
0
0
0
0
0
0
0
0
0
0
0
0
0
0
0
0
0
0
0
0
0
0
0
0
0
0
0
0
0
0
0
0
0
0
0
0
0
0
0
0
0
0
0
0
0
0
0
0
0
0
0
0
0
0
0
0
0
0
0
0
0
0
0
0
0
0
0
0
0
0
0
0
0
0
0
0
0
0
0
0
0
0
0
0
0
0
0
0
0
0
0
0
0
0
0
0
0
0
0
0
0
0
0
0
0
0
0
0
0
0
0
0
0
0
0
0
0
0
0
0
0
0
0
0
0
0
0
0
0
0
0
0
0
0
0
0
0
0
0
0
0
0
0
0
0
0
0
0
0
0
0
0
0
0
0
0
0
0
0
0
0
0
0
0
0
0
0
0
0
0
0
0
0
0
0
0
0
0
0
0
0
0
0
0
0
0
0
0
0
0
0
0
0
0
0
0
0
0
0
0
0
0
0
0
0
0
0
0
0
0
0
0
0
0
0
0
0
0
0
0
0
0
0
0
0
0
0
0
0
0
0
0
0
0
0
0
0
0
0
0
0
0
0
0
0
0
0
0
0
0
0
0
0
0
0
0
0
0
0
0
0
0
0
0
0
0
0
0
0
0
0
0
0
0
0
0
0
0
0
0
0
0
0
0
0
0
0
0
0
0
0
0
0
0
0
0
0
0
0
0
0
0
0
0
0
0
0
0
0
0
0
0
0
0
0
0
0
0
0
0
0
0
0
0
0
0
0
0
0
0
0
0
0
0
0
0
0
0
0
0
0
0
0
0
0
0
0
0
0
0
0
0
0
0
0
0
0
0
0
0
0
0
0
0
0
0
0
0
0
0
0
0
0
0
0
0
0
0
0
0
0
0
0
0
0
0
0
0
0
0
0
0
0
0
0
0
0
0
0
0
0
0
0
0
0
0
0
0
0
0
0
0
0
0
0
0
0
0
0
0
0
0
0
0
0
0
0
0
0
0
0
0
0
0
0
0
0
0
0
0
0
0
0
0
0
0
0
0
0
0
0
0
0
0
0
0
0
0
0
0
0
0
0
0
0
0
0
0
0
0
0
0
0
0
0
0
0
0
0
0
0
0
0
0
0
0
0
0
0
0
0
0
0
0
0
0
0
0
0
0
0
0
0
0
0
0
0
0
0
0
0
0
0
0
0
0
0
0
0
0
0
0
0
0
0
0
0
0
0
0
0
0
0
0
0
0
0
0
0
0
0
0
0
0
0
0
0
0
0
0
0
0
0
0
0
0
0
0
0
0
0
0
0
0
0
0
0
0
0
0
0
0
0
0
0
0
0
0
0
0
0
0
0
0
0
0
0
0
0
0
0
0
0
0
0
0
0
0
0
0
0.0616103
0.159171
0.256731
0.354292
0.451852
0.549413
0.646955
0.744515
0.842076
0.939636
1
1
1
1
1
1
1
1
1
1
1
1
1
1
1
1
1
1
1
1
1
1
1
1
1
1
1
1
1
1
1
1
1
1
1
1
1
1
1
1
1
1
1
1
1
1
1
1
1
1
1
1
1
1
1
1
1
1
1
1
1
1
1
1
1
1
1
1
1
1
1
1
1
1
1
1
1
1
1
1
1
1
1
1
1
1
1
1
1
1
1
1
1
1
1
1
1
1
1
1
1
1
1
1
1
1
1
1
1
1
1
1
1
1
1
1
1
1
1
1
0.989635
0.959978
0.930316
0.900653
0.87099
0.841327
0.811665
0.782002
0.752339
0.722682
0.69302
0.663357
0.633694
0.604032
0.574369
0.544706
0.515043
0.485386
0.455724
0.426061
0.396398
0.366736
0.337073
0.30741
0.277748
0.248085
0.218428
0.188765
0.159102
0.12944
0.0997771
0.0701144
0.0404517
0.010789
1.77597e-05
4.568e-05
7.36003e-05
0.000101521
0.000129441
0.000157361
0.000185282
0.000213202
0.000241117
0.000269037
0.000296957
0.000324878
0.000352798
0.000380718
0.000408639
0.000436559
0.000464479
0.000492394
0.000520314
0.000548235
0.000576155
0.000604075
0.000631996
0.000659916
0.000687836
0.000715751
0.000743671
0.000771592
0.000799512
0.000827432
0.000855353
0.000883273
0.000911193
0.000939108
0.000967029
0.000994949
0.00102287
0.00105079
0.00107871
0.00110663
0.00113455
0.00116247
0.00119039
0.00121831
0.00124623
0.00127415
0.00130207
0.00132999
0.00135791
0.00138583
0.00141374
0.00144166
0.00146958
0.0014975
0.00152542
0.00155334
0.00158126
0.00160918
0.0016371
0.00166502
0.00169294
0.00172086
0.00174878
0.0017767
0.00180462
0.00183254
0.00186046
0.00188838
0.0019163
0.00194422
0.00197214
0.00200006
0.00202798
0.0020559
0.00208382
0.00211173
0.00213965
0.00216757
0.0021955
0.00222342
0.00225134
0.00227926
0.00230718
0.00233509
0.00236301
0.00239093
0.00241885
0.00244677
0.00247469
0.00250261
0.00253053
0.00255845
0.00258637
0.00261429
0.00264221
0.00267013
0.00269805
0.00272597
0.00275389
0.00278181
0.00280973
0.00283765
0.00286557
0.00289349
0.00292141
0.00294933
0.00297725
0.00300517
0.00303308
0.003061
0.00308892
0.00311684
0.00314476
0.00317268
0.0032006
0.00322852
0.00325645
0.00328436
0.00331228
0.0033402
0.00336812
0.00339604
0.00342396
0.00345188
0.0034798
0.00350772
0.00353564
0.00356356
0.00359148
0.0036194
0.00364732
0.00367524
0.00370316
0.00373107
0.00375899
0.00378691
0.00381484
0.00384276
0.00387068
0.0038986
0.00392652
0.00395444
0.00398235
0.00401027
0.00403819
0.00406611
0.00409403
0.00412195
0.00414987
0.00417779
0.00420571
0.00423363
0.00426155
0.00428947
0.00431739
0.00434531
0.00437323
0.00440115
0.00442907
0.00445699
0.00448491
0.00451283
0.00454075
0.00456867
0.00459659
0.00462451
0.00465243
0.00468034
0.00470826
0.00473618
0.0047641
0.00479202
0.00481994
0.00484787
0.00487579
0.0049037
0.00493162
0.00495954
0.00498746
0.00501538
0.0050433
0.00507122
0.00509914
0.00512706
0.00515498
0.0051829
0.00521082
0.00523874
0.00526666
0.00529458
0.0053225
0.00535042
0.00537833
0.00540625
0.00543418
0.0054621
0.00549002
0.00551794
0.00554586
0.00557378
0.00560169
0.00562961
0.00565753
0.00568545
0.00571337
0.00574129
0.00576921
0.00579713
0.00582505
0.00585297
0.00588089
0.00590881
0.00593673
0.00596465
0.00599257
0.00602049
0.00604841
0.00607633
0.00610425
0.00613217
0.00616009
0.00618801
0.00621593
0.00624385
0.00627177
0.00629968
0.0063276
0.00635552
0.00638344
0.00641136
0.00643928
0.0064672
0.00649513
0.00652304
0.00655096
0.00657888
0.0066068
0.00663472
0.00666264
0.00669056
0.00671848
0.0067464
0.00677432
0.00680224
0.00683016
0.00685808
0.006886
0.00691392
0.00694184
0.00696976
0.00699767
0.0070256
0.00705351
0.00708144
0.00710936
0.00713728
0.0071652
0.00719312
0.00722103
0.00724895
0.00727687
0.00730479
0.00733271
0.00736063
0.00738855
0.00741647
0.00744439
0.00747231
0.00750023
0.00752815
0.00755607
0.00758399
0.00761191
0.00763983
0.00766775
0.00769567
0.00772359
0.00775151
0.00777943
0.00780735
0.00783527
0.00786319
0.00789111
0.00791902
0.00794694
0.00797486
0.00800278
0.0080307
0.00805862
0.00808655
0.00811447
0.00814239
0.0081703
0.00819822
0.00822614
0.00825406
0.00828198
0.0083099
0.00833782
0.00836574
0.00839366
0.00842158
0.0084495
0.00847742
0.00850534
0.00853326
0.00856118
0.0085891
0.00861701
0.00864493
0.00867286
0.00870078
0.0087287
0.00875662
0.00878454
0.00881246
0.00884038
0.00886829
0.00889621
0.00892413
0.00895205
0.00897997
0.00900789
0.00903581
0.00906373
0.00909165
0.00911957
0.00914749
0.00917541
0.00920333
0.00923125
0.00925917
0.00928709
0.00931501
0.00934293
0.00937085
0.00939877
0.00942669
0.00945461
0.00948253
0.00951045
0.00953837
0.00956628
0.0095942
0.00962212
0.00965004
0.00967797
0.00970589
0.00973381
0.00976173
0.00978964
0.00981756
0.00984548
0.0098734
0.00990132
0.00992924
0.00995716
0.00998508
0.010013
0.0100409
0.0100688
0.0100968
0.0101247
0.0101526
0.0101805
0.0102084
0.0102364
0.0102643
0.0102922
0.0103201
0.010348
0.010376
0.0104039
0.0104318
0.0104597
0.0104876
0.0105156
0.0105435
0.0105714
0.0105993
0.0106272
0.0106552
0.0106831
0.010711
0.0107389
0.0107668
0.0107948
0.0108227
0.0108506
0.0108785
0.0109064
0.0109344
0.0109623
0.0109902
0.0110181
0.011046
0.0110739
0.0111019
0.0111298
0.0111577
0.0111856
0.0112135
0.0112415
0.0112694
0.0112973
0.0113252
0.0113531
0.0113811
0.011409
0.0114369
0.0114648
0.0114927
0.0115207
0.0115486
0.0115765
0.0116044
0.0116323
0.0116603
0.0116882
0.0117161
0.011744
0.0117719
0.0117999
0.0118278
0.0118557
0.0118836
0.0119115
0.0119395
0.0119674
0.0119953
0.0120232
0.0120511
0.0120791
0.012107
0.0121349
0.0121628
0.0121907
0.0122187
0.0122466
0.0122745
0.0123024
0.0123303
0.0123583
0.0123862
0.0124141
0.012442
0.0124699
0.0124979
0.0125258
0.0125537
0.0125816
0.0126095
0.0126374
0.0126654
0.0126933
0.0127212
0.0127491
0.012777
0.012805
0.0128329
0.0128608
0.0128887
0.0129166
0.0129446
0.0129725
0.0130004
0.0130283
0.0130562
0.0130842
0.0131121
0.01314
0.0131679
0.0131958
0.0132238
0.0132517
0.0132796
0.0133075
0.0133354
0.0133634
0.0133913
0.0134192
0.0134471
0.013475
0.013503
0.0135309
0.0135588
0.0135867
0.0136146
0.0136426
0.0136705
0.0136984
0.0137263
0.0137542
0.0137822
0.0138101
0.013838
0.0138659
0.0138938
0.0139218
0.0139497
0.0139776
0.0140055
0.0140334
0.0140614
0.0140893
0.0141172
0.0141451
0.014173
0.0142009
0.0142289
0.0142568
0.0142847
0.0143126
0.0143405
0.0143685
0.0143964
0.0144243
0.0144522
0.0144801
0.0145081
0.014536
0.0145639
0.0145918
0.0146197
0.0146477
0.0146756
0.0147035
0.0147314
0.0147593
0.0147873
0.0148152
0.0148431
0.014871
0.0148989
0.0149269
0.0149548
0.0149827
0.0150106
0.0150385
0.0150665
0.0150944
0.0151223
0.0151502
0.0151781
0.0152061
0.015234
0.0152619
0.0152898
0.0153177
0.0153457
0.0153736
0.0154015
0.0154294
0.0154573
0.0154853
0.0155132
0.0155411
0.015569
0.0155969
0.0156248
0.0156528
0.0156807
0.0157086
0.0157365
0.0157645
0.0157924
0.0158203
0.0158482
0.0158761
0.015904
0.015932
0.0159599
0.0159878
0.0160157
0.0160436
0.0160716
0.0160995
0.0161274
0.0161553
0.0161832
0.0162112
0.0162391
0.016267
0.0162949
0.0163228
0.0163508
0.0163787
0.0164066
0.0164345
0.0164624
0.0164904
0.0165183
0.0165462
0.0165741
0.016602
0.01663
0.0166579
0.0166858
0.0167137
0.0167416
0.0167696
0.0167975
0.0168254
0.0168533
0.0168812
0.0169092
0.0169371
0.016965
0.0169929
0.0170208
0.0170488
0.0170767
0.0171046
0.0171325
0.0171604
0.0171884
0.0172163
0.0172442
0.0172721
0.0173
0.017328
0.0173559
0.0173838
0.0174117
0.0174396
0.0174675
0.0174955
0.0175234
0.0175513
0.0175792
0.0176071
0.0176351
0.017663
0.0176909
0.0177188
0.0177467
0.0177747
0.0178026
0.0178305
0.0178584
0.0178863
0.0179143
0.0179422
0.0179701
0.017998
0.0180259
0.0180539
0.0180818
0.0181097
0.0181376
0.0181655
0.0181935
0.0182214
0.0182493
0.0182772
0.0183051
0.0183331
0.018361
0.0183889
0.0184168
0.0184447
0.0184727
0.0185006
0.0185285
0.0185564
0.0185843
0.0186123
0.0186402
0.0186681
0.018696
0.0187239
0.0187519
0.0187798
0.0188077
0.0188356
0.0188635
0.0188915
0.0189194
0.0189473
0.0189752
0.0190031
0.0190311
0.019059
0.0190869
0.0191148
0.0191427
0.0191706
0.0191986
0.0192265
0.0192544
0.0192823
0.0193102
0.0193382
0.0193661
0.019394
0.0194219
0.0194498
0.0194778
0.0195057
0.0195336
0.0195615
0.0195894
0.0196174
0.0196453
0.0196732
0.0197011
0.019729
0.019757
0.0197849
0.0198128
0.0198407
0.0198686
0.0198966
0.0199245
0.0199524
0.0199803
0.0200082
0.0200362
0.0200641
0.020092
0.0201199
0.0201478
0.0201758
0.0202037
0.0202316
0.0202595
0.0202874
0.0203154
0.0203433
0.0203712
0.0203991
0.020427
0.020455
0.0204829
0.0205108
0.0205387
0.0205666
0.0205946
0.0206225
0.0206504
0.0206783
0.0207062
0.0207341
0.0207621
0.02079
0.0208179
0.0208458
0.0208737
0.0209017
0.0209296
0.0209575
0.0209854
0.0210133
0.0210413
0.0210692
0.0210971
0.021125
0.0211529
0.0211809
0.0212088
0.0212367
0.0212646
0.0212925
0.0213205
0.0213484
0.0213763
0.0214042
0.0214321
0.0214601
0.021488
0.0215159
0.0215438
0.0215717
0.0215997
0.0216276
0.0216555
0.0216834
0.0217113
0.0217393
0.0217672
0.0217951
0.021823
0.0218509
0.0218789
0.0219068
0.0219347
0.0219626
0.0219905
0.0220185
0.0220464
0.0220743
0.0221022
0.0221301
0.0221581
0.022186
0.0222139
0.0222418
0.0222697
0.0222977
0.0223256
0.0223535
0.0223814
0.0224093
0.0224372
0.0224652
0.0224931
0.022521
0.0225489
0.0225768
0.0226048
0.0226327
0.0226606
0.0226885
0.0227164
0.0227444
0.0227723
0.0228002
0.0228281
0.022856
0.022884
0.0229119
0.0229398
0.0229677
0.0229956
0.0230236
0.0230515
0.0230794
0.0231073
0.0231352
0.0231632
0.0231911
0.023219
0.0232469
0.0232748
0.0233028
0.0233307
0.0233586
0.0233865
0.0234144
0.0234424
0.0234703
0.0234982
0.0235261
0.023554
0.023582
0.0236099
0.0236378
0.0236657
0.0236936
0.0237216
0.0237495
0.0237774
0.0238053
0.0238332
0.0238612
0.0238891
0.023917
0.0239449
0.0239728
0.0240007
0.0240287
0.0240566
0.0240845
0.0241124
0.0241404
0.0241683
0.0241962
0.0242241
0.024252
0.0242799
0.0243079
0.0243358
0.0243637
0.0243916
0.0244195
0.0244475
0.0244754
0.0245033
0.0245312
0.0245591
0.0245871
0.024615
0.0246429
0.0246708
0.0246987
0.0247267
0.0247546
0.0247825
0.0248104
0.0248383
0.0248663
0.0248942
0.0249221
0.02495
0.0249779
0.0250059
0.0250338
0.0250617
0.0250896
0.0251175
0.0251455
0.0251734
0.0252013
0.0252292
0.0252571
0.0252851
0.025313
0.0253409
0.0253688
0.0253967
0.0254246
0.0254526
0.0254805
0.0255084
0.0255363
0.0255643
0.0255922
0.0256201
0.025648
0.0256759
0.0257038
0.0257318
0.0257597
0.0257876
0.0258155
0.0258434
0.0258714
0.0258993
0.0259272
0.0259551
0.025983
0.026011
0.0260389
0.0260668
0.0260947
0.0261226
0.0261506
0.0261785
0.0262064
0.0262343
0.0262622
0.0262902
0.0263181
0.026346
0.0263739
0.0264018
0.0264298
0.0264577
0.0264856
0.0265135
0.0265414
0.0265694
0.0265973
0.0266252
0.0266531
0.026681
0.026709
0.0267369
0.0267648
0.0267927
0.0268206
0.0268486
0.0268765
0.0269044
0.0269323
0.0269602
0.0269882
0.0270161
0.027044
0.0270719
0.0270998
0.0271278
0.0271557
0.0271836
0.0272115
0.0272394
0.0272673
0.0272953
0.0273232
0.0273511
0.027379
0.0274069
0.0274349
0.0274628
0.0274907
0.0275186
0.0275465
0.0275745
0.0276024
0.0276303
0.0276582
0.0276861
0.0277141
0.027742
0.0277699
0.0277978
0.0278257
0.0278537
0.0278816
0.0279095
0.0279374
0.0279653
0.0279933
0.0280212
0.0280491
0.028077
0.0281049
0.0281329
0.0281608
0.0281887
0.0282166
0.0282445
0.0282725
0.0283004
0.0283283
0.0283562
0.0283841
0.0284121
0.02844
0.0284679
0.0284958
0.0285237
0.0285517
0.0285796
0.0286075
0.0286354
0.0286633
0.0286913
0.0287192
0.0287471
0.028775
0.0288029
0.0288309
0.0288588
0.0288867
0.0289146
0.0289425
0.0289705
0.0289984
0.0290263
0.0290542
0.0290821
0.02911
0.029138
0.0291659
0.0291938
0.0292217
0.0292496
0.0292776
0.0293055
0.0293334
0.0293613
0.0293892
0.0294172
0.0294451
0.029473
0.0295009
0.0295288
0.0295568
0.0295847
0.0296126
0.0296405
0.0296684
0.0296964
0.0297243
0.0297522
0.0297801
0.029808
0.029836
0.0298639
0.0298918
0.0299197
0.0299476
0.0299756
0.0300035
0.0300314
0.0300593
0.0300872
0.0301152
0.0301431
0.030171
0.0301989
0.0302268
0.0302547
0.0302827
0.0303106
0.0303385
0.0303664
0.0303943
0.0304223
0.0304502
0.0304781
0.030506
0.030534
0.0305619
0.0305898
0.0306177
0.0306456
0.0306735
0.0307015
0.0307294
0.0307573
0.0307852
0.0308131
0.0308411
0.030869
0.0308969
0.0309248
0.0309527
0.0309807
0.0310086
0.0310365
0.0310644
0.0310923
0.0311203
0.0311482
0.0311761
0.031204
0.0312319
0.0312599
0.0312878
0.0313157
0.0313436
0.0313715
0.0313995
0.0314274
0.0314553
0.0314832
0.0315111
0.0315391
0.031567
0.0315949
0.0316228
0.0316507
0.0316787
0.0317066
0.0317345
0.0317624
0.0317903
0.0318183
0.0318462
0.0318741
0.031902
0.0319299
0.0319579
0.0319858
0.0320137
0.0320416
0.0320695
0.0320974
0.0321254
0.0321533
0.0321812
0.0322091
0.032237
0.032265
0.0322929
0.0323208
0.0323487
0.0323767
0.0324046
0.0324325
0.0324604
0.0324883
0.0325162
0.0325442
0.0325721
0.0326
0.0326279
0.0326558
0.0326838
0.0327117
0.0327396
0.0327675
0.0327954
0.0328234
0.0328513
0.0328792
0.0329071
0.032935
0.032963
0.0329909
0.0330188
0.0330467
0.0330746
0.0331026
0.0331305
0.0331584
0.0331863
0.0332142
0.0332422
0.0332701
0.033298
0.0333259
0.0333538
0.0333818
0.0334097
0.0334376
0.0334655
0.0334934
0.0335214
0.0335493
0.0335772
0.0336051
0.033633
0.033661
0.0336889
0.0337168
0.0337447
0.0337726
0.0338005
0.0338285
0.0338564
0.0338843
0.0339122
0.0339401
0.0339681
0.033996
0.0340239
0.0340518
0.0340797
0.0341077
0.0341356
0.0341635
0.0341914
0.0342193
0.0342473
0.0342752
0.0343031
0.034331
0.0343589
0.0343869
0.0344148
0.0344427
0.0344706
0.0344985
0.0345265
0.0345544
0.0345823
0.0346102
0.0346381
0.0346661
0.034694
0.0347219
0.0347498
0.0347777
0.0348057
0.0348336
0.0348615
0.0348894
0.0349173
0.0349453
0.0349732
0.0350011
0.035029
0.0350569
0.0350849
0.0351128
0.0351407
0.0351686
0.0351965
0.0352245
0.0352524
0.0352803
0.0353082
0.0353361
0.0353641
0.035392
0.0354199
0.0354478
0.0354757
0.0355037
0.0355316
0.0355595
0.0355874
0.0356153
0.0356432
0.0356712
0.0356991
0.035727
0.0357549
0.0357828
0.0358108
0.0358387
0.0358666
0.0358945
0.0359224
0.0359504
0.0359783
0.0360062
0.0360341
0.036062
0.03609
0.0361179
0.0361458
0.0361737
0.0362016
0.0362296
0.0362575
0.0362854
0.0363133
0.0363412
0.0363692
0.0363971
0.036425
0.0364529
0.0364808
0.0365088
0.0365367
0.0365646
0.0365925
0.0366204
0.0366484
0.0366763
0.0367042
0.0367321
0.03676
0.036788
0.0368159
0.0368438
0.0368717
0.0368996
0.0369275
0.0369555
0.0369834
0.0370113
0.0370392
0.0370672
0.0370951
0.037123
0.0371509
0.0371788
0.0372068
0.0372347
0.0372626
0.0372905
0.0373184
0.0373463
0.0373743
0.0374022
0.0374301
0.037458
0.0374859
0.0375139
0.0375418
0.0375697
0.0375976
0.0376255
0.0376535
0.0376814
0.0377093
0.0377372
0.0377651
0.0377931
0.037821
0.0378489
0.0378768
0.0379047
0.0379327
0.0379606
0.0379885
0.0380164
0.0380443
0.0380723
0.0381002
0.0381281
0.038156
0.0381839
0.0382119
0.0382398
0.0382677
0.0382956
0.0383235
0.0383515
0.0383794
0.0384073
0.0384352
0.0384631
0.0384911
0.038519
0.0385469
0.0385748
0.0386027
0.0386306
0.0386586
0.0386865
0.0387144
0.0387423
0.0387702
0.0387982
0.0388261
0.038854
0.0388819
0.0389099
0.0389378
0.0389657
0.0389936
0.0390215
0.0390494
0.0390774
0.0391053
0.0391332
0.0391611
0.039189
0.039217
0.0392449
0.0392728
0.0393007
0.0393286
0.0393566
0.0393845
0.0394124
0.0394403
0.0394682
0.0394962
0.0395241
0.039552
0.0395799
0.0396078
0.0396358
0.0396637
0.0396916
0.0397195
0.0397474
0.0397754
0.0398033
0.0398312
0.0398591
0.039887
0.039915
0.0399429
0.0399708
0.0399987
0.0400266
0.0400546
0.0400825
0.0401104
0.0401383
0.0401662
0.0401942
0.0402221
0.04025
0.0402779
0.0403058
0.0403338
0.0403617
0.0403896
0.0404175
0.0404454
0.0404733
0.0405013
0.0405292
0.0405571
0.040585
0.0406129
0.0406409
0.0406688
0.0406967
0.0407246
0.0407525
0.0407805
0.0408084
0.0408363
0.0408642
0.0408921
0.0409201
0.040948
0.0409759
0.0410038
0.0410317
0.0410597
0.0410876
0.0411155
0.0411434
0.0411713
0.0411993
0.0412272
0.0412551
0.041283
0.0413109
0.0413389
0.0413668
0.0413947
0.0414226
0.0414505
0.0414785
0.0415064
0.0415343
0.0415622
0.0415901
0.041618
0.041646
0.0416739
0.0417018
0.0417297
0.0417577
0.0417856
0.0418135
0.0418414
0.0418693
0.0418973
0.0419252
0.0419531
0.041981
0.0420089
0.0420369
0.0420648
0.0420927
0.0421206
0.0421485
0.0421764
0.0422044
0.0422323
0.0422602
0.0422881
0.042316
0.042344
0.0423719
0.0423998
0.0424277
0.0424557
0.0424836
0.0425115
0.0425394
0.0425673
0.0425952
0.0426232
0.0426511
0.042679
0.0427069
0.0427348
0.0427628
0.0427907
0.0428186
0.0428465
0.0428744
0.0429024
0.0429303
0.0429582
0.0429861
0.043014
0.043042
0.0430699
0.0430978
0.0431257
0.0431536
0.0431816
0.0432095
0.0432374
0.0432653
0.0432932
0.0433212
0.0433491
0.043377
0.0434049
0.0434328
0.0434607
0.0434887
0.0435166
0.0435445
0.0435724
0.0436004
0.0436283
0.0436562
0.0436841
0.043712
0.04374
0.0437679
0.0437958
0.0438237
0.0438516
0.0438795
0.0439075
0.0439354
0.0439633
0.0439912
0.0440191
0.0440471
0.044075
0.0441029
0.0441308
0.0441587
0.0441867
0.0442146
0.0442425
0.0442704
0.0442983
0.0443263
0.0443542
0.0443821
0.04441
0.0444379
0.0444659
0.0444938
0.0445217
0.0445496
0.0445775
0.0446055
0.0446334
0.0446613
0.0446892
0.0447171
0.0447451
0.044773
0.0448009
0.0448288
0.0448567
0.0448847
0.0449126
0.0449405
0.0449684
0.0449963
0.0450243
0.0450522
0.0450801
0.045108
0.0451359
0.0451639
0.0451918
0.0452197
0.0452476
0.0452755
0.0453034
0.0453314
0.0453593
0.0453872
0.0454151
0.0454431
0.045471
0.0454989
0.0455268
0.0455547
0.0455826
0.0456106
0.0456385
0.0456664
0.0456943
0.0457222
0.0457502
0.0457781
0.045806
0.0458339
0.0458618
0.0458898
0.0459177
0.0459456
0.0459735
0.0460014
0.0460294
0.0460573
0.0460852
0.0461131
0.046141
0.046169
0.0461969
0.0462248
0.0462527
0.0462806
0.0463086
0.0463365
0.0463644
0.0463923
0.0464202
0.0464482
0.0464761
0.046504
0.0870055
0.142778
0.198571
0.254343
0.310137
0.365909
0.421681
0.477474
0.533246
0.58904
0.644812
0.700605
0.756377
0.812149
0.867943
0.923715
0.979508
0.999848
0.999608
0.999368
0.999127
0.998887
0.998647
0.998407
0.998167
0.997926
0.997686
0.997446
0.997206
0.996965
0.996725
0.996485
0.996245
0.996005
0.995764
0.995524
0.995284
0.995044
0.994804
0.994563
0.994323
0.994083
0.993843
0.993603
0.993362
0.993122
0.992882
0.992642
0.992401
0.992161
0.991921
0.991681
0.991441
0.9912
0.99096
0.99072
0.99048
0.99024
0.989999
0.989759
0.989519
0.989279
0.989038
0.988798
0.988558
0.988318
0.988078
0.987837
0.987597
0.987357
0.987117
0.986877
0.986636
0.986396
0.986156
0.985916
0.985676
0.985435
0.985195
0.984955
0.984715
0.984474
0.984234
0.983994
0.983754
0.983514
0.983273
0.983033
0.982793
0.982553
0.982313
0.982072
0.981832
0.981592
0.981352
0.981111
0.980871
0.980631
0.980391
0.980151
0.97991
0.97967
0.97943
0.97919
0.97895
0.978709
0.978469
0.978229
0.977989
0.977748
0.977508
0.977268
0.977028
0.976788
0.954339
0.926987
0.899624
0.872272
0.844909
0.817557
0.790195
0.762843
0.735491
0.708128
0.680776
0.653413
0.626061
0.598699
0.571347
0.543984
0.516632
0.48928
0.461917
0.434565
0.407203
0.379851
0.352488
0.325136
0.297784
0.270422
0.243069
0.215707
0.188355
0.160992
0.13364
0.106278
0.0789255
0.0515735
0.0242109
0
0
0
0
0
0
0
0
0
0
0
0
0
0
0
0
0
0
0
0
0
0
0
0
0
0
0
0
0
0
0
0
0
0
0
0
0
0
0
0
0
0
0
0
0
0
0
0
0
0
0
0
0
0
0
0
0
0
0
0
0
0
0
0
0
0
0
0
0
0
0
0
0
0
0
0
0
0
0
0
0
0
0
0
0
0
0
0
0
0
0
0
0
0
0
0
0
0
0
0
0
0
0
0
0
0
0
0
0
0
0
0
0
0
0
0
0
0
0
0
0
0
0
0
0
0
0
0
0
0
0
0
0
0
0
0
0
0
0
0
0
0
0
0
0
0
0
0
0
0
0
0
0
0
0
0
0
0
0
0
0
0
0
0
0
0
0
0
0
0
0
0
0
0
0
0
0
0
0
0
0
0
0
0
0
0
0
0
0
0
0
0
0
0
0
0
0
0
0
0
0
0
0
0
0
0
0
0
0
0
0
0
0
0
0
0
0
0
0
0
0
0
0
0
0
0
0
0
0
0
0
0
0
0
0
0
0
0
0
0
0
0
0
0
0
0
0
0
0
0
0
0
0
0
0
0
0
0
0
0
0
0
0
0
0
0
0
0
0
0
0
0
0
0
0
0
0