0
0
0
0
0
0
0
0
0
0
0
0
0
0
0
0
0
0
0
0
0
0
0
0
0
0
0
0
0
0
0
0
0
0
0
0
0
0
0
0
0
0
0
0
0
0
0
0
0
0
0
0
0
0
0
0
0
0
0
0
0
0
0
0
0
0
0
0
0
0
0
0
0
0
0
0
0
0
0
0
0
0
0
0
0
0
0
0
0
0
0
0
0
0
0
0
0
0
0
0
0
0
0
0
0
0
0
0
0
0
0
0
0
0
0
0
0
0
0
0
0
0
0
0
0
0
0
0
0
0
0
0
0
0
0
0
0
0
0
0
0
0
0
0
0
0
0
0
0
0
0
0
0
0
0
0
0
0
0
0
0
0
0
0
0
0
0
0
0
0
0
0
0
0
0
0
0
0
0
0
0
0
0
0
0
0
0
0
0
0
0
0
0
0
0
0
0
0
0
0
0
0
0
0
0
0
0
0
0
0
0
0
0
0
0
0
0
0
0
0
0
0
0
0
0
0
0
0
0
0
0
0
0
0
0
0
0
0
0
0
0
0
0
0
0
0
0
0
0
0
0
0
0
0
0
0
0
0
0
0
0
0
0
0
0
0
0
0
0
0
0
0
0
0
0
0
0
0
0
0
0
0
0
0
0
0
0
0
0
0
0
0
0
0
0
0
0
0
0
0
0
0
0
0
0
0
0
0
0
0
0
0
0
0
0
0
0
0
0
0
0
0
0
0
0
0
0
0
0
0
0
0
0
0
0
0
0
0
0
0
0
0
0
0
0
0
0
0
0
0
0
0
0
0
0
0
0
0
0
0
0
0
0
0
0
0
0
0
0
0
0
0
0
0
0
0
0
0
0
0
0
0
0
0
0
0
0
0
0
0
0
0
0
0
0
0
0
0
0
0
0
0
0
0
0
0
0
0
0
0
0
0
0
0
0
0
0
0
0
0
0
0
0
0
0
0
0
0
0
0
0
0
0
0
0
0
0
0
0
0
0
0
0
0
0
0
0
0
0
0
0
0
0.00502433
0.0810491
0.15707
0.233095
0.309116
0.385141
0.461162
0.537187
0.613208
0.689232
0.765253
0.841278
0.917299
0.992538
0.992576
0.992615
0.992653
0.992691
0.99273
0.992768
0.992807
0.992845
0.992884
0.992922
0.992961
0.992999
0.993037
0.993076
0.993114
0.993153
0.993191
0.99323
0.993268
0.993307
0.993345
0.993383
0.993422
0.99346
0.993499
0.993537
0.993576
0.993614
0.993652
0.993691
0.993729
0.993768
0.993806
0.993845
0.993883
0.993922
0.99396
0.993998
0.994037
0.994075
0.994114
0.994152
0.994191
0.994229
0.994267
0.994306
0.994344
0.994383
0.994421
0.99446
0.994498
0.994537
0.994575
0.994613
0.994652
0.99469
0.994729
0.994767
0.994806
0.994844
0.994882
0.994921
0.994959
0.994998
0.995036
0.995075
0.995113
0.995152
0.99519
0.995228
0.995267
0.995305
0.995344
0.995382
0.995421
0.995459
0.995498
0.995536
0.995574
0.995613
0.995651
0.99569
0.995728
0.995767
0.995805
0.995843
0.995882
0.99592
0.995959
0.995997
0.996036
0.996074
0.996113
0.996151
0.996189
0.996228
0.996266
0.996305
0.996343
0.996382
0.99642
0.996458
0.996497
0.996535
0.996574
0.996612
0.996651
0.996689
0.996728
0.996766
0.996804
0.996843
0.996881
0.99692
0.996958
0.996997
0.997035
0.997073
0.997112
0.99715
0.997189
0.997227
0.997266
0.997304
0.997343
0.997381
0.997419
0.997458
0.997496
0.997535
0.997573
0.997612
0.99765
0.997689
0.997727
0.997765
0.997804
0.997842
0.997881
0.997919
0.997958
0.997996
0.998034
0.998073
0.998111
0.99815
0.998188
0.998227
0.998265
0.998304
0.998342
0.99838
0.998419
0.998457
0.998496
0.998534
0.998573
0.998611
0.998649
0.998688
0.998726
0.998765
0.998803
0.998842
0.99888
0.998919
0.998957
0.998995
0.999034
0.999072
0.999111
0.999149
0.999188
0.999226
0.999264
0.999303
0.999341
0.99938
0.999418
0.999457
0.999495
0.999534
0.999572
0.99961
0.999649
0.999687
0.999726
0.999764
0.999803
0.999841
0.99988
0.999918
0.999956
0.999995
0.986219
0.970298
0.954377
0.938456
0.922535
0.906614
0.890693
0.874771
0.858851
0.842929
0.827009
0.811087
0.795166
0.779245
0.763324
0.747403
0.731481
0.715561
0.699639
0.683719
0.667797
0.651876
0.635955
0.620034
0.604113
0.588192
0.572271
0.55635
0.540428
0.524508
0.508586
0.492666
0.476744
0.460823
0.444902
0.428981
0.41306
0.397139
0.381218
0.365297
0.349375
0.333454
0.317533
0.301612
0.285691
0.26977
0.253849
0.237928
0.222007
0.206085
0.190165
0.174243
0.158323
0.142401
0.12648
0.110559
0.0946382
0.0787168
0.0627961
0.0468746
0.0309539
0.0150325
0
0
0
0
0
0
0
0
0
0
0
0
0
0
0
0
0
0
0
0
0
0
0
0
0
0
0
0
0
0
0
0
0
0
0
0
0
0
0
0
0
0
0
0
0
0
0
0
0
0
0
0
0
0
0
0
0
0
0
0
0
0
0
0
0
0
0
0
0
0
0
0
0
0
0
0
0
0
0
0
0
0
0
0
0
0
0
0
0
0
0
0
0
0
0
0
0
0.0708484
0.146873
0.222898
0.298923
0.374941
0.450966
0.526991
0.603016
0.679041
0.755059
0.831084
0.907109
0.983134
0.99257
0.992608
0.992646
0.992683
0.992721
0.992759
0.992797
0.992834
0.992872
0.99291
0.992947
0.992985
0.993023
0.99306
0.993098
0.993136
0.993174
0.993211
0.993249
0.993287
0.993324
0.993362
0.9934
0.993438
0.993475
0.993513
0.993551
0.993588
0.993626
0.993664
0.993701
0.993739
0.993777
0.993815
0.993852
0.99389
0.993928
0.993965
0.994003
0.994041
0.994078
0.994116
0.994154
0.994192
0.994229
0.994267
0.994305
0.994342
0.99438
0.994418
0.994456
0.994493
0.994531
0.994569
0.994606
0.994644
0.994682
0.994719
0.994757
0.994795
0.994833
0.99487
0.994908
0.994946
0.994983
0.995021
0.995059
0.995096
0.995134
0.995172
0.99521
0.995247
0.995285
0.995323
0.99536
0.995398
0.995436
0.995474
0.995511
0.995549
0.995587
0.995624
0.995662
0.9957
0.995737
0.995775
0.995813
0.995851
0.995888
0.995926
0.995964
0.996001
0.996039
0.996077
0.996114
0.996152
0.99619
0.996228
0.996265
0.996303
0.996341
0.996378
0.996416
0.996454
0.996491
0.996529
0.996567
0.996605
0.996642
0.99668
0.996718
0.996755
0.996793
0.996831
0.996868
0.996906
0.996944
0.996982
0.997019
0.997057
0.997095
0.997132
0.99717
0.997208
0.997245
0.997283
0.997321
0.997359
0.997396
0.997434
0.997472
0.997509
0.997547
0.997585
0.997623
0.99766
0.997698
0.997736
0.997773
0.997811
0.997849
0.997886
0.997924
0.997962
0.998
0.998037
0.998075
0.998113
0.99815
0.998188
0.998226
0.998263
0.998301
0.998339
0.998377
0.998414
0.998452
0.99849
0.998527
0.998565
0.998603
0.998641
0.998678
0.998716
0.998754
0.998791
0.998829
0.998867
0.998904
0.998942
0.99898
0.999018
0.999055
0.999093
0.999131
0.999168
0.999206
0.999244
0.999281
0.999319
0.999357
0.999395
0.999432
0.99947
0.999508
0.999545
0.999583
0.999621
0.999659
0.999696
0.999734
0.999772
0.999809
0.999847
0.999885
0.999922
0.99996
0.999998
0.986045
0.971235
0.956426
0.941616
0.926806
0.911996
0.897188
0.882378
0.867568
0.852758
0.83795
0.82314
0.80833
0.79352
0.778712
0.763902
0.749092
0.734282
0.719473
0.704664
0.689854
0.675044
0.660234
0.645425
0.630615
0.615806
0.600996
0.586187
0.571377
0.556567
0.541758
0.526949
0.512139
0.497329
0.482519
0.467711
0.452901
0.438091
0.423281
0.408473
0.393663
0.378853
0.364043
0.349235
0.334425
0.319615
0.304805
0.289995
0.275186
0.260377
0.245567
0.230757
0.215948
0.201138
0.186328
0.171519
0.15671
0.1419
0.12709
0.11228
0.0974719
0.082662
0.0678521
0.0530422
0.0382337
0.0234238
0.00861394
0
0
0
0
0
0
0
0
0
0
0
0
0
0
0
0
0
0
0
0
0
0
0
0
0
0
0
0
0
0
0
0
0
0
0
0
0
0
0
0
0
0
0
0
0
0
0
0
0
0
0
0
0
0
0
0
0
0
0
0
0
0
0
0
0
0
0
0
0
0
0
0
0
0
0
0
0
0
0
0
0
0
0
0
0
0.0347137
0.110739
0.186764
0.262789
0.338806
0.414831
0.490856
0.566881
0.642899
0.718924
0.794949
0.870974
0.946992
0.992554
0.992597
0.99264
0.992683
0.992726
0.992768
0.992811
0.992854
0.992897
0.99294
0.992983
0.993025
0.993068
0.993111
0.993154
0.993196
0.993239
0.993282
0.993325
0.993368
0.99341
0.993453
0.993496
0.993539
0.993582
0.993624
0.993667
0.99371
0.993753
0.993796
0.993838
0.993881
0.993924
0.993967
0.99401
0.994052
0.994095
0.994138
0.994181
0.994224
0.994266
0.994309
0.994352
0.994395
0.994438
0.99448
0.994523
0.994566
0.994609
0.994652
0.994694
0.994737
0.99478
0.994823
0.994866
0.994908
0.994951
0.994994
0.995037
0.99508
0.995122
0.995165
0.995208
0.995251
0.995294
0.995336
0.995379
0.995422
0.995465
0.995508
0.99555
0.995593
0.995636
0.995679
0.995722
0.995764
0.995807
0.99585
0.995893
0.995936
0.995978
0.996021
0.996064
0.996107
0.99615
0.996192
0.996235
0.996278
0.996321
0.996364
0.996406
0.996449
0.996492
0.996535
0.996578
0.99662
0.996663
0.996706
0.996749
0.996792
0.996834
0.996877
0.99692
0.996963
0.997006
0.997048
0.997091
0.997134
0.997177
0.99722
0.997262
0.997305
0.997348
0.997391
0.997434
0.997476
0.997519
0.997562
0.997605
0.997648
0.99769
0.997733
0.997776
0.997819
0.997862
0.997904
0.997947
0.99799
0.998033
0.998076
0.998118
0.998161
0.998204
0.998247
0.99829
0.998332
0.998375
0.998418
0.998461
0.998504
0.998546
0.998589
0.998632
0.998675
0.998718
0.99876
0.998803
0.998846
0.998889
0.998932
0.998974
0.999017
0.99906
0.999103
0.999146
0.999188
0.999231
0.999274
0.999317
0.99936
0.999402
0.999445
0.999488
0.999531
0.999574
0.999616
0.999659
0.999702
0.999745
0.999788
0.99983
0.999873
0.999916
0.999959
0.999529
0.987284
0.975039
0.962794
0.95055
0.938305
0.92606
0.913815
0.901569
0.889325
0.87708
0.864835
0.85259
0.840346
0.828101
0.815856
0.803611
0.791367
0.779122
0.766876
0.754631
0.742387
0.730142
0.717897
0.705652
0.693408
0.681163
0.668918
0.656673
0.644429
0.632183
0.619938
0.607693
0.595448
0.583204
0.570959
0.558714
0.546469
0.534225
0.52198
0.509734
0.497489
0.485245
0.473
0.460755
0.44851
0.436266
0.424021
0.411776
0.399531
0.387287
0.375041
0.362796
0.350551
0.338307
0.326062
0.313817
0.301572
0.289327
0.277083
0.264838
0.252592
0.240347
0.228103
0.215858
0.203613
0.191368
0.179124
0.166879
0.154634
0.142389
0.130145
0.117899
0.105654
0.0934092
0.0811652
0.0689201
0.0566749
0.0444298
0.0321858
0.0199407
0.00769556
0
0
0
0
0
0
0
0
0
0
0
0
0
0
0
0
0
0
0
0
0
0
0
0
0
0
0
0
0
0
0
0
0
0
0
0
0
0
0
0
0
0
0
0
0
0
0
0
0
0
0
0
0
0
0
0
0
0
0
0
0
0
0
0
0
0
0
0
0
0
0
0
0
0
0
0
0
0
0
0
0
0
0
0
0
0
0
0
0
0
0
0
0
0
0
0
0
0
0
0
0
0
0
0
0
0
0
0
0
0
0
0
0
0
0
0
0
0
0
0
0
0
0
0
0
0
0
0
0
0
0
0
0
0
0
0
0
0
0
0
0
0
0
0
0
0
0
0
0
0
0
0
0
0
0
0
0
0
0
0
0
0
0
0
0
0
0
0
0
0
0
0
0
0
0
0
0
0
0
0
0
0
0
0
0
0
0
0
0
0
0
0
0
0
0
0
0
0
0
0
0
0
0
0
0
0
0
0
0
0
0
0
0
0
0
0
0
0
0
0
0
0
0
0
0
0
0
0
0
0
0
0
0
0
0
0
0
0
0
0
0
0
0
0
0
0
0
0
0
0
0
0
0
0
0
0
0
0
0
0
0
0
0
0
0
0
0
0
0
0
0
0
0
0
0
0
0
0
0
0
0
0
0
0
0
0
0
0
0
0
0
0
0
0
0
0
0
0
0
0
0
0
0
0
0
0
0
0
0
0
0
0
0
0
0
0
0
0
0
0
0
0
0
0
0
0
0
0
0
0
0
0
0
0
0
0
0
0
0
0
0
0
0
0
0
0
0
0
0
0
0
0
0
0
0
0
0
0
0
0
0
0
0
0
0
0
0
0
0
0
0
0
0
0
0
0
0
0
0
0
0
0
0
0
0
0
0
0
0
0
0
0
0
0
0
0
0
0
0
0
0
0
0
0
0
0
0
0
0
0
0
0
0
0
0
0
0
0
0
0
0
0
0
0
0
0
0
0
0
0
0
0
0
0
0
0
0
0
0
0
0
0
0
0
0
0
0
0
0
0
0
0
0
0
0
0
0
0
0
0
0
0
0
0
0
0
0
0
0
0
0
0
0
0
0
0
0
0
0
0
0
0
0
0
0
0
0
0
0
0
0
0
0
0
0
0
0
0
0
0
0
0
0
0
0
0
0
0
0
0
0
0
0
0
0
0
0
0
0
0
0
0
0
0
0
0
0
0
0
0
0
0
0
0
0
0
0
0
0
0
0
0
0
0
0
0
0
0
0
0
0
0
0
0
0
0
0
0
0
0
0
0
0
0
0
0
0
0
0
0
0
0
0
0
0
0
0
0
0
0
0
0
0
0
0
0
0
0
0
0
0
0
0
0
0
0
0
0
0
0
0
0
0
0
0
0
0
0
0
0
0
0
0
0
0
0
0
0
0
0
0
0
0
0
0
0
0
0
0
0
0
0
0
0
0
0
0
0
0
0
0
0
0
0
0
0
0
0
0
0
0
0
0
0
0
0
0
0
0
0
0
0
0
0
0
0
0
0
0
0
0
0
0
0
0
0
0
0
0
0
0
0
0
0
0
0
0
0
0
0
0
0
0
0
0
0
0
0
0
0
0
0
0
0
0
0
0
0
0
0
0
0
0
0
0
0
0
0
0
0
0
0
0
0
0
0
0
0
0
0
0
0
0
0
0
0
0
0
0
0
0
0
0
0
0
0
0
0
0
0
0
0
0
0
0
0
0
0
0
0
0
0
0
0
0
0
0
0
0
0
0
0
0
0
0
0
0
0
0
0
0
0
0
0
0
0
0
0
0
0
0
0
0
0
0
0
0
0
0
0
0
0
0
0
0
0
0
0
0
0
0
0
0
0
0
0
0
0
0
0
0
0
0
0
0
0
0
0
0
0
0
0
0
0
0
0
0
0
0
0
0
0
0
0
0
0
0
0
0
0
0
0
0
0
0
0
0
0
0
0
0
0
0
0
0
0
0
0
0
0
0
0
0
0
0
0
0
0
0
0
0
0
0
0
0
0
0
0
0
0
0
0
0
0
0
0
0
0
0
0
0
0
0
0
0
0
0
0
0
0
0
0
0
0
0
0
0
0
0
0
0
0
0
0
0
0
0
0
0
0
0
0
0
0
0
0
0
0
0
0
0
0
0
0
0
0
0
0
0
0
0
0.0620617
0.13866
0.215258
0.291842
0.36844
0.445039
0.521637
0.598235
0.674833
0.751432
0.82803
0.904614
0.981212
1
1
1
1
1
1
1
1
1
1
1
1
1
1
1
1
1
1
1
1
1
1
1
1
1
1
1
1
1
1
1
1
1
1
1
1
1
1
1
1
1
1
1
1
1
1
1
1
1
1
1
1
1
1
1
1
1
1
1
1
1
1
1
1
1
1
1
1
1
1
1
1
1
1
1
1
1
1
1
1
1
1
1
1
1
1
1
1
1
1
1
1
1
1
1
1
1
1
1
1
1
1
1
1
1
1
1
1
1
1
1
1
1
1
1
1
1
1
1
1
1
1
1
1
1
1
1
1
1
1
1
1
1
1
1
1
1
1
1
1
1
1
1
1
1
1
1
1
1
1
1
1
1
1
1
1
1
1
1
1
1
1
1
1
1
1
1
1
1
1
1
1
1
1
1
1
1
1
1
1
1
0.987416
0.960941
0.934466
0.907991
0.881516
0.855041
0.828566
0.802091
0.775615
0.749145
0.72267
0.696195
0.66972
0.643245
0.61677
0.590295
0.56382
0.537349
0.510874
0.484399
0.457924
0.431449
0.404974
0.378499
0.352024
0.325554
0.299078
0.272603
0.246128
0.219653
0.193178
0.166703
0.140228
0.113753
0.0872825
0.0608074
0.0343323
0.0078572
0
0
0
0
0
0
0
0
0
0
0
0
0
0
0
0
0
0
0
0
0
0
0
0
0
0
0
0
0
0
0
0
0
0
0
0
0
0
0
0
0
0
0
0
0
0
0
0
0
0
0
0
0
0
0
0
0
0
0
0
0
0
0
0
0
0
0
0
0
0
0
0
0
0
0
0
0
0
0
0
0
0
0
0
0
0
0
0
0
0
0
0
0
0
0
0
0
0
0
0
0
0
0
0
0
0
0
0
0
0
0
0
0
0
0
0
0
0
0
0
0
0
0
0
0
0
0
0
0
0
0
0
0
0
0
0
0
0
0
0
0
0
0
0
0
0
0
0
0
0
0
0
0
0
0
0
0
0
0
0
0
0
0
0
0
0
0
0
0
0
0
0
0
0
0
0
0
0
0
0
0
0
0
0
0
0
0
0
0
0
0
0
0
0
0
0
0
0
0
0
0
0
0
0
0
0
0
0
0
0
0
0
0
0
0
0
0
0
0
0
0
0
0
0
0
0
0
0
0
0
0
0
0
0
0
0
0
0
0
0
0
0
0
0
0
0
0
0
0
0
0
0
0
0
0
0
0
0
0
0
0
0
0
0
0
0
0
0
0
0
0
0
0
0
0
0
0
0
0
0
0
0
0
0
0
0
0
0
0
0
0
0
0
0
0
0
0
0
0
0
0
0
0
0
0
0
0
0
0
0
0
0
0
0
0
0
0
0
0
0
0
0
0
0
0
0
0
0
0
0
0
0
0
0
0
0
0
0
0
0
0
0
0
0
0
0
0
0
0
0
0
0
0
0
0
0
0
0
0
0
0
0
0
0
0
0
0
0
0
0
0
0
0
0
0
0
0
0
0
0
0
0
0
0
0
0
0
0
0
0
0
0
0
0
0
0
0
0
0
0
0
0
0
0
0
0
0
0
0
0
0
0
0
0
0
0
0
0
0
0
0
0
0
0
0
0
0
0
0
0
0
0
0
0
0
0
0
0
0
0
0
0
0
0
0
0
0
0
0
0
0
0
0
0
0
0
0
0
0
0
0
0
0
0
0
0
0
0
0
0
0
0
0
0
0
0
0
0
0
0
0
0
0
0
0
0
0
0
0
0
0
0
0
0
0
0
0
0
0
0
0
0
0
0
0
0
0
0
0
0
0
0
0
0
0
0
0
0
0
0
0
0
0
0
0
0
0
0
0
0
0
0
0
0
0
0
0
0
0
0
0
0
0
0
0
0
0
0
0
0
0
0
0
0
0
0
0
0
0
0
0
0
0
0
0
0
0
0
0
0
0
0
0
0
0
0
0
0
0
0
0
0
0
0
0
0
0
0
0
0
0
0
0
0
0
0
0
0
0
0
0
0
0
0
0
0
0
0
0
0
0
0
0
0
0
0
0
0
0
0
0
0
0
0
0
0
0
0
0
0
0
0
0
0
0
0
0
0
0
0
0
0
0
0
0
0
0
0
0
0
0
0
0
0
0
0
0
0
0
0
0
0
0
0
0
0
0
0
0
0
0
0
0
0
0
0
0
0
0
0
0
0
0
0
0
0
0
0
0
0
0
0
0
0
0
0
0
0
0
0
0
0
0
0
0
0
0
0
0
0
0
0
0
0
0
0
0
0
0
0
0
0
0
0
0
0
0
0
0
0
0
0
0
0
0
0
0
0
0
0
0
0
0
0
0
0
0
0
0
0
0
0
0
0
0
0
0
0
0
0
0
0
0
0
0
0
0
0
0
0
0
0
0
0
0
0
0
0
0
0
0
0
0
0
0
0
0
0
0
0
0
0
0
0
0
0
0
0
0
0
0
0
0
0
0
0
0
0
0
0
0
0
0
0
0
0
0
0
0
0
0
0
0
0
0
0
0
0
0
0
0
0
0
0
0
0
0
0
0
0
0
0
0
0
0
0
0
0
0
0
0
0
0
0
0
0
0
0
0
0.0414314
0.0976966
0.153983
0.210248
0.266535
0.3228
0.379087
0.435352
0.491617
0.547904
0.604169
0.660456
0.716721
0.773007
0.829273
0.885559
0.941824
0.998089
1
1
1
1
1
1
1
1
1
1
1
1
1
1
1
1
1
1
1
1
1
1
1
1
1
1
1
1
1
1
1
1
1
1
1
1
1
1
1
1
1
1
1
1
1
1
1
1
1
1
1
1
1
1
1
1
1
1
1
1
1
1
1
1
1
1
1
1
1
1
1
1
1
1
1
1
1
1
1
1
1
1
1
1
1
1
1
1
1
1
1
1
1
1
1
1
1
1
1
1
1
1
1
1
1
1
1
1
1
1
1
1
1
1
1
1
1
1
1
1
1
1
1
1
1
1
1
1
1
1
1
1
1
1
1
1
1
1
1
1
1
1
1
1
1
1
1
1
1
1
1
1
1
1
1
1
1
1
1
1
1
1
1
1
1
1
1
1
1
1
1
1
1
1
1
1
1
1
1
1
1
1
1
1
1
1
1
1
1
1
1
1
1
1
1
1
1
1
1
1
1
1
1
1
1
1
1
1
1
1
1
1
1
1
1
1
1
1
1
1
1
1
1
1
1
1
1
1
1
1
1
1
1
0.988587
0.975228
0.961873
0.948514
0.93516
0.9218
0.908446
0.895092
0.881733
0.868378
0.855019
0.841665
0.828305
0.814951
0.801592
0.788237
0.774883
0.761524
0.74817
0.73481
0.721456
0.708097
0.694742
0.681388
0.668029
0.654675
0.641315
0.627961
0.614602
0.601247
0.587888
0.574534
0.561179
0.54782
0.534466
0.521106
0.507752
0.494393
0.481039
0.467679
0.454325
0.440971
0.427611
0.414257
0.400898
0.387543
0.374184
0.36083
0.347476
0.334116
0.320762
0.307403
0.294048
0.280689
0.267335
0.253975
0.240621
0.227267
0.213908
0.200553
0.187194
0.17384
0.16048
0.147126
0.133767
0.120413
0.107058
0.0936989
0.0803446
0.0669853
0.053631
0.0402717
0.0269174
0.0135632
0.000203788
0
0
0
0
0
0
0
0
0
0
0
0
0
0
0
0
0
0
0
0
0
0
0
0
0
0
0
0
0
0
0
0
0
0
0
0
0
0
0
0
0
0
0
0
0
0
0
0
0
0
0
0
0
0
0
0
0
0
0
0
0
0
0
0
0
0
0
0
0
0
0
0
0
0
0
0
0
0
0
0
0
0
0
0
0
0
0
0
0
0
0
0
0
0
0
0
0
0
0
0
0
0
0
0
0
0
0
0
0
0
0
0
0
0
0
0
0
0
0
0
0
0
0
0
0
0
0
0
0
0
0
0
0
0
0
0
0
0
0
0
0
0
0
0
0
0
0
0
0
0
0
0
0
0
0
0
0
0
0
0
0
0
0
0
0
0
0
0
0
0
0
0
0
0
0
0
0
0
0
0
0
0
0
0
0
0
0
0
0
0
0
0
0
0
0
0
0
0
0
0
0
0
0
0
0
0
0
0
0
0
0
0
0
0
0
0
0
0
0
0
0
0
0
0
0
0
0
0
0
0
0
0
0
0
0
0
0
0
0
0
0
0
0
0
0
0
0
0
0
0
0
0
0
0
0
0
0
0
0
0
0
0
0
0
0
0
0
0
0
0
0
0
0
0
0
0
0
0
0
0
0
0
0
0
0
0
0
0
0
0
0
0
0
0
0
0
0
0
0
0
0
0
0
0
0
0
0
0
0
0
0
0
0
0
0
0
0
0
0
0
0
0
0
0
0
0
0
0
0
0
0
0
0
0
0
0
0
0
0
0
0
0
0
0
0
0
0
0
0
0
0
0
0
0
0
0
0
0
0
0
0
0
0
0
0
0
0
0
0
0
0
0
0
0
0
0
0
0
0
0
0
0
0
0
0
0
0
0
0
0
0
0
0
0
0
0
0
0
0
0
0
0
0
0
0
0