0
0
0
0
0
0
0
0
0
0
0
0
0
0
0
0
0
0
0
0
0
0
0
0
0
0
0
0
0
0
0
0
0
0
0
0
0
0
0
0
0
0
0
0
0
0
0
0
0
0
0
0
0
0
0
0
0
0
0
0
0
0
0
0
0
0
0
0
0
0
0
0
0
0
0
0
0
0
0
0
0
0
0
0
0
0
0
0
0
0
0
0
0
0
0
0
0
0
0
0
0
0
0
0
0
0
0
0
0
0
0
0
0
0
0
0
0
0
0
0
0
0
0
0
0
0
0
0
0
0
0
0
0
0
0
0
0
0
0
0
0
0
0
0
0
0
0
0
0
0
0
0
0
0
0
0
0
0
0
0
0
0
0
0
0
0
0
0
0
0
0
0
0
0
0
0
0
0
0
0
0
0
0
0
0
0
0
0
0
0
0
0
0
0
0
0
0
0
0
0
0
0
0
0
0
0
0
0
0
0
0
0
0
0
0
0
0
0
0
0
0
0
0
0
0
0
0
0
0
0
0
0
0
0
0
0
0
0
0
0
0
0
0
0
0
0
0
0
0
0
0
0
0
0
0
0
0
0
0
0
0
0
0
0
0
0
0
0
0
0
0
0
0
0
0
0
0
0
0
0
0
0
0
0
0
0
0
0
0
0
0
0
0
0
0
0
0
0
0
0
0
0
0
0
0
0
0
0
0
0
0
0
0
0
0
0
0
0
0
0
0
0
0
0
0
0
0
0
0
0
0
0
0
0
0
0
0
0
0
0
0
0
0
0
0
0
0
0
0
0
0
0
0
0
0
0
0
0
0
0
0
0
0
0
0
0
0
0
0
0
0
0
0
0
0
0
0
0
0
0
0
0
0
0
0
0
0
0
0
0
0
0
0
0
0
0
0
0
0
0
0
0
0
0
0
0
0
0
0
0
0
0
0
0
0
0
0
0
0
0
0
0
0
0
0
0
0
0
0
0
0
0
0
0
0
0
0
0
0
0
0
0
0
0
0
0
0
0
0
0
0
0
0
0
0
0
0
0
0
0
0
0
0
0
0
0
0
0
0
0
0
0
0
0
0
0
0
0
0
0
0
0
0
0
0
0
0
0
0
0
0
0
0
0
0
0
0
0
0
0
0
0
0
0
0
0
0
0
0
0
0
0
0
0
0
0
0
0
0
0
0
0
0
0
0
0
0
0
0
0
0
0
0
0
0
0
0
0
0
0
0
0
0
0
0
0
0
0
0
0
0
0
0
0
0
0
0
0
0
0
0
0
0
0
0
0
0
0
0
0
0
0
0
0
0
0
0
0
0
0
0
0
0
0
0
0
0
0
0
0
0
0
0
0
0
0
0
0
0
0
0
0
0
0
0
0
0
0
0
0
0
0
0
0
0
0
0
0
0
0
0
0
0
0
0
0
0
0
0
0
0
0
0
0
0
0
0
0
0
0
0
0
0
0
0
0
0
0
0
0
0
0
0
0
0
0
0
0
0
0
0
0
0
0
0
0
0
0
0
0
0
0
0
0
0
0
0
0
0
0
0
0
0
0
0
0
0
0
0
0
0
0
0
0
0
0
0
0
0
0
0
0
0
0
0
0
0
0
0
0
0
0
0
0
0
0
0
0
0
0
0
0
0
0
0
0
0
0
0
0
0
0
0
0
0
0
0
0
0
0
0
0
0
0
0
0
0
0
0
0
0
0
0
0
0
0
0
0
0
0
0
0
0
0
0
0
0
0
0
0
0
0
0
0
0
0
0
0
0
0
0
0
0
0
0
0
0
0
0
0
0
0
0
0
0
0
0
0
0
0
0
0
0
0
0
0
0
0
0
0
0
0
0
0
0
0
0
0
0
0
0
0
0
0
0
0
0
0
0
0
0
0
0
0
0
0
0
0
0
0
0
0
0
0
0
0
0
0
0
0
0
0
0
0
0
0
0
0
0
0
0
0
0
0
0
0
0
0
0
0
0
0
0
0
0
0
0
0
0
0
0
0
0
0
0
0
0
0
0
0
0
0
0
0
0
0
0
0
0
0
0
0
0
0
0
0
0
0
0
0
0
0
0
0
0
0
0
0
0
0
0
0
0
0
0
0
0
0
0
0
0
0
0
0
0
0
0
0
0
0
0
0
0
0
0
0
0
0
0
0
0
0
0
0
0
0
0
0
0
0
0
0
0
0
0
0
0
0
0
0
0
0
0
0
0
0
0
0
0
0
0
0
0
0
0
0
0
0
0
0
0
0
0
0
0
0
0
0
0
0
0
0
0
0
0
0
0
0
0
0
0
0
0
0
0
0
0
0
0
0
0
0
0
0
0
0
0
0
0
0
0
0
0
0
0
0
0
0
0
0
0
0
0
0
0
0
0
0
0
0
0
0
0
0
0
0
0
0
0
0
0
0
0
0
0
0
0
0
0
0
0
0
0
0
0
0
0
0
0
0
0
0
0
0
0
0
0
0
0
0
0
0
0
0
0
0
0
0
0
0
0
0
0
0
0
0
0
0
0
0
0
0
0
0
0
0
0
0
0
0
0
0
0
0
0
0
0
0
0
0
0
0
0
0
0
0
0
0
0
0
0
0
0
0
0
0
0
0
0
0
0
0
0
0
0
0
0
0
0
0
0
0
0
0
0
0
0
0
0
0
0
0
0
0
0
0
0
0
0
0
0
0
0
0
0
0
0
0
0
0
0
0
0
0
0
0
0
0
0
0
0
0
0
0
0
0
0
0
0
0
0
0
0
0
0
0
0
0
0
0
0
0
0
0
0
0
0
0
0
0
0
0
0
0
0
0
0
0
0
0
0
0
0
0
0
0
0
0
0
0
0
0
0
0
0
0
0
0
0
0
0
0
0
0
0
0
0
0
0
0
0
0
0
0
0
0
0
0
0
0
0
0
0
0
0
0
0
0
0
0
0
0
0
0
0
0
0
0
0
0
0
0
0
0
0
0
0
0
0
0
0
0
0
0
0
0
0
0
0
0
0
0
0
0
0
0
0
0
0
0
0
0
0
0
0
0
0
0
0
0
0
0
0
0
0
0
0
0
0
0
0
0
0
0
0
0
0
0
0
0
0
0
0
0
0
0
0
0
0
0
0
0
0
0
0
0
0
0
0
0
0
0
0
0
0
0
0
0
0
0
0
0
0
0
0
0
0
0
0
0
0
0
0
0
0
0
0
0
0
0
0
0
0
0
0
0
0
0
0
0
0
0
0
0
0
0
0
0
0
0
0
0
0
0
0
0.0550499
0.131067
0.207092
0.283116
0.35914
0.435158
0.511182
0.587207
0.663231
0.739248
0.815273
0.891297
0.967322
0.99256
0.992594
0.992628
0.992662
0.992696
0.99273
0.992764
0.992798
0.992832
0.992865
0.992899
0.992933
0.992967
0.993001
0.993035
0.993069
0.993103
0.993137
0.993171
0.993205
0.993239
0.993273
0.993307
0.993341
0.993375
0.993409
0.993442
0.993476
0.99351
0.993544
0.993578
0.993612
0.993646
0.99368
0.993714
0.993748
0.993782
0.993816
0.99385
0.993884
0.993918
0.993952
0.993985
0.994019
0.994053
0.994087
0.994121
0.994155
0.994189
0.994223
0.994257
0.994291
0.994325
0.994359
0.994393
0.994427
0.994461
0.994495
0.994529
0.994562
0.994596
0.99463
0.994664
0.994698
0.994732
0.994766
0.9948
0.994834
0.994868
0.994902
0.994936
0.99497
0.995004
0.995038
0.995072
0.995106
0.995139
0.995173
0.995207
0.995241
0.995275
0.995309
0.995343
0.995377
0.995411
0.995445
0.995479
0.995513
0.995547
0.995581
0.995615
0.995649
0.995682
0.995716
0.99575
0.995784
0.995818
0.995852
0.995886
0.99592
0.995954
0.995988
0.996022
0.996056
0.99609
0.996124
0.996158
0.996192
0.996226
0.996259
0.996293
0.996327
0.996361
0.996395
0.996429
0.996463
0.996497
0.996531
0.996565
0.996599
0.996633
0.996667
0.996701
0.996735
0.996769
0.996803
0.996836
0.99687
0.996904
0.996938
0.996972
0.997006
0.99704
0.997074
0.997108
0.997142
0.997176
0.99721
0.997244
0.997278
0.997312
0.997346
0.997379
0.997413
0.997447
0.997481
0.997515
0.997549
0.997583
0.997617
0.997651
0.997685
0.997719
0.997753
0.997787
0.997821
0.997855
0.997889
0.997923
0.997956
0.99799
0.998024
0.998058
0.998092
0.998126
0.99816
0.998194
0.998228
0.998262
0.998296
0.99833
0.998364
0.998398
0.998432
0.998466
0.9985
0.998533
0.998567
0.998601
0.998635
0.998669
0.998703
0.998737
0.998771
0.998805
0.998839
0.998873
0.998907
0.998941
0.998975
0.999009
0.999043
0.999076
0.99911
0.999144
0.999178
0.999212
0.999246
0.99928
0.999314
0.999348
0.999382
0.999416
0.99945
0.999484
0.999518
0.999552
0.999586
0.99962
0.999653
0.999687
0.999721
0.999755
0.999789
0.999823
0.999857
0.999891
0.999925
0.999959
0.999993
0.949562
0.885732
0.821902
0.758084
0.694254
0.630424
0.566594
0.502764
0.438934
0.375103
0.311273
0.247443
0.183626
0.119795
0.0559654
0
0
0
0
0
0
0
0
0
0
0
0
0
0
0
0
0
0
0
0
0
0
0
0
0
0
0
0.0330319
0.109629
0.186226
0.262809
0.339406
0.416003
0.4926
0.569197
0.645795
0.722392
0.798989
0.875572
0.952169
1
1
1
1
1
1
1
1
1
1
1
1
1
1
1
1
1
1
1
1
1
1
1
1
1
1
1
1
1
1
1
1
1
1
1
1
1
1
1
1
1
1
1
1
1
1
1
1
1
1
1
1
1
1
1
1
1
1
1
1
1
1
1
1
1
1
1
1
1
1
1
1
1
1
1
1
1
1
1
1
1
1
1
1
1
1
1
1
1
1
1
1
1
1
1
1
1
1
1
1
1
1
1
1
1
1
1
1
1
1
1
1
1
1
1
1
1
1
1
1
1
1
1
1
1
1
1
1
1
1
1
1
1
1
1
1
1
1
1
1
1
1
1
1
1
1
1
1
1
1
1
1
1
1
1
1
1
1
1
1
1
1
1
1
1
1
1
1
1
1
1
1
1
1
1
1
1
1
1
1
1
1
1
1
1
1
1
1
1
1
1
1
1
1
1
1
1
1
1
1
1
1
1
1
1
1
1
1
1
1
1
1
1
1
1
1
1
1
1
1
1
1
1
1
1
1
1
1
1
1
1
1
1
0
0
0
0
0
0
0
0
0
0
0
0
0
0
0
0
0
0
0
0
0
0
0
0
0
0
0
0
0
0
0
0
0
0
0
0
0
0
0
0
0
0
0
0
0
0
0
0
0
0
0
0
0
0
0
0
0
0
0
0
0
0
0
0
0
0
0
0
0
0
0
0
0
0
0
0
0
0
0
0
0
0
0
0
0
0
0
0
0
0
0
0
0
0
0
0
0
0
0
0
0
0
0
0
0
0
0
0
0
0
0
0
0
0
0
0
0
0
0
0
0
0
0
0
0
0
0
0
0
0
0
0
0
0
0
0
0
0
0
0
0
0
0
0
0
0
0
0
0
0
0
0
0
0
0
0
0
0
0
0
0
0
0
0
0
0
0
0
0
0
0
0
0
0
0
0
0
0
0
0
0
0
0
0
0
0
0
0
0
0
0
0
0
0
0
0
0
0
0
0
0
0
0
0
0
0
0
0
0
0
0
0
0
0
0
0
0
0
0
0
0
0
0
0
0
0
0
0
0
0
0
0
0
0
0
0
0
0
0
0
0
0
0
0
0
0
0
0
0
0
0
0
0
0
0
0
0
0
0
0
0
0
0
0
0
0
0
0
0
0
0
0
0
0
0
0
0
0
0
0
0
0
0
0
0
0
0
0
0
0
0
0
0
0
0
0
0
0
0
0
0
0
0
0
0
0
0
0
0
0
0
0
0
0
0
0
0
0
0
0
0
0
0
0
0
0
0
0
0
0
0
0
0
0
0
0
0
0
0
0
0
0
0
0
0
0
0
0
0
0
0
0
0
0
0
0
0
0
0
0
0
0
0
0
0
0
0
0
0
0
0
0
0
0
0
0
0
0
0
0
0
0
0
0
0
0
0
0
0
0
0
0
0
0
0
0
0
0
0
0
0
0
0
0
0
0
0
0
0
0
0
0
0
0
0
0
0
0
0
0
0
0
0
0
0
0
0
0
0
0
0
0
0
0
0
0
0
0
0
0
0
0
0
0
0
0
0
0
0
0
0
0
0
0
0
0
0
0
0
0
0
0
0
0
0
0
0
0
0
0
0
0
0
0
0
0
0
0
0
0
0
0
0
0
0
0
0
0
0
0
0
0
0
0
0
0
0
0
0
0
0
0
0
0
0
0
0
0
0
0
0
0
0
0
0
0
0
0
0
0
0
0
0
0
0
0
0
0
0
0
0
0
0
0
0
0
0
0
0
0
0
0
0
0
0
0
0
0
0
0
0
0
0
0
0
0
0
0
0
0
0
0
0
0
0
0
0
0
0
0
0
0
0
0
0
0
0
0
0
0
0
0
0
0
0
0
0
0
0
0
0
0
0
0
0
0
0
0
0
0
0
0
0
0
0
0
0
0
0
0
0
0
0
0
0
0
0
0
0
0
0
0
0
0
0
0
0
0
0
0
0
0
0
0
0
0
0
0
0
0
0
0
0
0
0
0
0
0
0
0
0
0
0
0
0
0
0
0
0
0
0
0
0
0
0
0
0
0
0
0
0
0
0
0
0
0
0
0
0
0
0
0
0
0
0
0
0
0
0
0
0
0
0
0
0
0
0
0
0
0
0.0912312
0.220229
0.349227
0.478226
0.607224
0.736222
0.86522
0.994193
1
1
1
1
1
1
1
1
1
1
1
1
1
1
1
1
1
1
1
1
1
1
1
1
1
1
1
1
1
1
1
1
1
1
1
1
1
1
1
1
1
1
1
1
1
1
1
1
1
1
1
1
1
1
1
1
1
1
1
1
1
1
1
1
1
1
1
1
1
1
1
1
1
1
1
1
1
1
1
1
1
1
1
1
1
1
1
1
1
1
1
1
1
1
1
1
1
1
1
1
1
1
1
1
1
1
1
1
1
1
1
1
1
1
1
1
1
1
1
1
1
1
1
1
1
1
1
1
1
1
1
1
1
1
1
1
1
1
1
1
1
1
1
1
1
1
1
1
1
1
1
1
1
1
1
1
1
1
1
1
1
1
1
1
1
1
1
1
1
1
1
1
1
1
1
1
1
1
1
1
1
1
1
1
1
1
1
1
1
1
1
1
1
1
1
1
1
1
1
1
1
1
1
1
1
1
1
1
1
1
1
1
1
1
1
1
1
1
1
1
1
1
1
1
1
1
1
1
1
1
1
1
1
1
1
1
1
1
1
1
1
1
1
1
1
1
1
1
1
1
1
1
1
1
1
1
1
1
1
1
1
1
1
1
1
1
1
1
1
1
1
1
1
1
1
1
0.999983
0.99995
0.999917
0.999884
0.99985
0.999817
0.999784
0.999751
0.999718
0.999684
0.999651
0.999618
0.999585
0.999551
0.999518
0.999485
0.999452
0.999418
0.999385
0.999352
0.999319
0.999285
0.999252
0.999219
0.999186
0.999152
0.999119
0.999086
0.999053
0.99902
0.998986
0.998953
0.99892
0.998887
0.998853
0.99882
0.998787
0.998754
0.99872
0.998687
0.998654
0.998621
0.998587
0.998554
0.998521
0.998488
0.998455
0.998421
0.998388
0.998355
0.998322
0.998288
0.998255
0.998222
0.998189
0.998155
0.998122
0.998089
0.998056
0.998022
0.997989
0.997956
0.997923
0.997889
0.997856
0.997823
0.99779
0.997757
0.997723
0.99769
0.997657
0.997624
0.99759
0.997557
0.997524
0.997491
0.997457
0.997424
0.997391
0.997358
0.997324
0.997291
0.997258
0.997225
0.997191
0.997158
0.997125
0.997092
0.997059
0.997025
0.996992
0.996959
0.996926
0.996892
0.996859
0.996826
0.996793
0.996759
0.996726
0.996693
0.99666
0.996626
0.996593
0.99656
0.996527
0.996494
0.99646
0.996427
0.996394
0.996361
0.996327
0.996294
0.996261
0.996228
0.996194
0.996161
0.996128
0.996095
0.996061
0.996028
0.995995
0.995962
0.995928
0.995895
0.995862
0.995829
0.995796
0.995762
0.995729
0.995696
0.995663
0.995629
0.995596
0.995563
0.99553
0.995496
0.995463
0.99543
0.995397
0.995363
0.99533
0.995297
0.995264
0.99523
0.995197
0.995164
0.995131
0.995098
0.995064
0.995031
0.994998
0.994965
0.994931
0.994898
0.994865
0.994832
0.994798
0.994765
0.994732
0.994699
0.994666
0.994632
0.994599
0.994566
0.994533
0.994499
0.994466
0.994433
0.9944
0.994366
0.994333
0.9943
0.994267
0.994233
0.9942
0.994167
0.994134
0.9941
0.994067
0.994034
0.994001
0.993968
0.993934
0.993901
0.993868
0.993835
0.993801
0.993768
0.993735
0.993702
0.993668
0.993635
0.993602
0.993569
0.993535
0.993502
0.993469
0.993436
0.993402
0.993369
0.993336
0.993303
0.99327
0.993236
0.993203
0.99317
0.993137
0.993103
0.99307
0.993037
0.993004
0.99297
0.992937
0.992904
0.992871
0.992837
0.992804
0.992771
0.992738
0.992705
0.992671
0.992638
0.992605
0.992572
0.992538
0.992505
0.992472
0.992439
0.992405
0.992372
0.992339
0.992306
0.992272
0.992239
0.992206
0.992173
0.992139
0.992106
0.992073
0.99204
0.992007
0.991973
0.99194
0.991907
0.991874
0.99184
0.991807
0.991774
0.991741
0.991707
0.991674
0.991641
0.991608
0.991574
0.991541
0.991508
0.991475
0.991441
0.991408
0.991375
0.991342
0.991309
0.991275
0.991242
0.991209
0.991176
0.991142
0.991109
0.991076
0.991043
0.991009
0.990976
0.990943
0.99091
0.990876
0.990843
0.99081
0.990777
0.990744
0.99071
0.990677
0.990644
0.990611
0.990577
0.990544
0.990511
0.990478
0.990444
0.990411
0.990378
0.990345
0.990311
0.990278
0.990245
0.990212
0.990179
0.990145
0.990112
0.990079
0.990046
0.990012
0.989979
0.989946
0.989913
0.989879
0.989846
0.989813
0.98978
0.989746
0.989713
0.98968
0.989647
0.989613
0.98958
0.989547
0.989514
0.98948
0.989447
0.989414
0.989381
0.989348
0.989314
0.989281
0.989248
0.989215
0.989181
0.989148
0.989115
0.989082
0.989048
0.989015
0.988982
0.988949
0.988916
0.988882
0.988849
0.988816
0.988783
0.988749
0.988716
0.988683
0.98865
0.988616
0.988583
0.98855
0.988517
0.988483
0.98845
0.988417
0.988384
0.98835
0.988317
0.988284
0.988251
0.988218
0.988184
0.988151
0.988118
0.988085
0.988051
0.988018
0.987985
0.987952
0.987918
0.987885
0.987852
0.987819
0.987785
0.987752
0.987719
0.987686
0.987652
0.987619
0.987586
0.987553
0.98752
0.987486
0.987453
0.98742
0.987387
0.987353
0.98732
0.987287
0.987254
0.98722
0.987187
0.987154
0.987121
0.987087
0.987054
0.987021
0.986988
0.986955
0.986921
0.986888
0.986855
0.986822
0.986788
0.986755
0.986722
0.986689
0.986655
0.986622
0.986589
0.986556
0.986522
0.986489
0.986456
0.986423
0.986389
0.986356
0.986323
0.98629
0.986257
0.986223
0.98619
0.986157
0.986124
0.98609
0.986057
0.986024
0.985991
0.985957
0.985924
0.985891
0.985858
0.985824
0.985791
0.985758
0.985725
0.985691
0.985658
0.985625
0.985592
0.985559
0.985525
0.985492
0.985459
0.985426
0.985392
0.985359
0.985326
0.985293
0.985259
0.985226
0.985193
0.98516
0.985126
0.985093
0.976722
0.957759
0.938804
0.919849
0.900886
0.881931
0.862968
0.844013
0.82505
0.806095
0.787133
0.768177
0.749222
0.730259
0.711304
0.692342
0.673386
0.654424
0.635469
0.616506
0.597551
0.578596
0.559633
0.540678
0.521715
0.50276
0.483797
0.464842
0.445887
0.426924
0.407969
0.389006
0.370051
0.351089
0.332133
0.313171
0.294216
0.27526
0.256298
0.237342
0.21838
0.199425
0.180462
0.161507
0.142544
0.123589
0.104634
0.0856713
0.0667159
0.0477535
0.0287981
0.00983565
0
0
0
0
0
0
0
0
0
0
0
0
0
0
0
0
0
0
0
0
0
0
0
0
0
0
0
0
0
0
0
0
0
0
0
0
0
0
0
0
0
0
0
0
0
0
0
0
0
0
0
0
0
0
0
0
0
0
0
0
0
0
0
0
0
0
0
0
0
0
0
0
0
0
0
0
0
0
0
0
0
0
0
0
0
0
0
0
0
0
0
0
0
0
0
0
0
0
0
0
0
0
0
0
0
0
0
0
0
0
0
0
0
0
0
0
0
0
0
0
0
0
0
0
0
0
0
0
0
0
0
0
0
0
0
0
0
0
0
0
0
0
0
0
0
0
0
0
0
0
0
0
0
0
0
0
0
0
0
0
0
0
0
0
0
0
0
0
0
0
0
0
0
0
0
0
0
0
0
0
0
0
0
0
0
0
0
0
0
0
0
0
0
0
0
0
0
0
0
0
0
0
0
0
0
0
0
0
0
0
0
0
0
0
0
0
0
0
0
0
0
0
0
0
0
0
0
0
0
0
0
0
0
0
0
0
0
0
0
0
0
0
0
0
0
0
0
0
0
0
0
0
0
0
0
0
0
0
0
0
0
0
0
0
0
0
0
0
0
0
0
0
0
0
0
0
0
0
0
0
0
0
0
0
0
0
0
0
0
0
0
0
0
0
0
0
0
0
0
0
0
0
0
0
0
0
0
0
0
0
0
0
0
0
0
0
0
0
0
0
0
0
0
0
0
0
0
0
0
0
0
0
0
0
0
0
0
0
0
0
0
0
0
0
0
0
0
0
0
0
0
0
0
0
0
0
0
0
0
0
0
0
0
0
0
0
0
0
0
0
0
0
0
0
0
0
0
0
0
0
0
0
0
0
0
0
0
0
0
0
0
0
0
0
0
0
0
0
0
0
0
0
0
0
0
0
0
0
0
0
0
0
0
0
0
0
0
0
0
0
0
0
0
0
0
0
0
0
0
0
0
0
0
0
0
0
0
0
0
0
0
0
0
0
0
0
0
0
0
0
0
0
0
0
0
0
0
0
0
0
0
0
0
0
0
0
0
0
0
0
0
0
0
0
0
0
0
0
0
0
0
0
0
0
0
0
0
0
0
0
0
0
0
0
0
0
0
0
0
0
0
0
0
0
0
0
0
0
0
0
0
0
0
0
0
0
0
0
0
0
0
0
0
0
0
0
0
0
0
0
0
0
0
0
0
0
0
0
0
0
0
0
0
0
0
0
0
0
0
0
0
0
0
0
0
0
0
0
0
0
0
0
0
0
0
0
0
0
0
0
0
0
0
0
0
0
0
0
0
0
0
0
0
0
0
0
0
0
0
0
0
0
0
0
0
0
0
0
0
0
0
0
0
0
0
0
0
0
0
0
0
0
0
0
0
0
0
0
0
0
0
0
0
0
0
0
0
0
0
0
0
0
0
0
0
0
0
0
0
0
0
0
0
0
0
0
0
0
0
0
0
0
0
0
0
0
0
0
0
0
0
0
0
0
0
0
0
0
0
0
0
0
0
0
0
0
0
0
0
0
0
0
0
0
0
0
0
0
0
0
0
0
0
0
0
0
0
0
0
0
0
0
0
0
0
0
0
0
0
0
0
0
0
0
0
0
0
0
0
0
0
0
0
0
0
0
0
0
0
0
0
0
0
0
0
0
0
0
0
0
0
0
0
0
0
0
0
0
0
0
0
0
0
0
0
0
0
0
0
0
0
0
0
0
0
0
0
0
0
0
0
0
0
0
0
0
0
0
0
0
0
0
0
0